0.8785819538827613
0.17527533615471103
0.9598383713854883
0.8623205489359524
0.1062005853649004
0.498302182450747
0.7185463472203986
0.22238613035308075
0.41704744656565995
0.07201262575749845
0.23854184122022426
0.21455900020328555
0.5830816613364265
0.7407188228278767
0.2628392414875107
0.18098656211303843
0.13571943906931194
0.776176774683949
0.0288770539515959
0.27731162517152885
0.27749008641093953
0.8644215435931437
0.7236133681636572
0.7767719152491883
0.98279624011341
0.7007319162215224
0.0078011861699898155
0.33881554427022165
0.3309244339504287
0.5735044249122541
0.06369320355762831
0.3542348468352716
0.2463087321285775
0.22066750176600292
0.0010882632931834557
0.18092100807697964
0.07333708187481869
0.3547609329965795
0.630199427510455
0.03424617207955083
0.647169660304129
0.549982535180584
0.9606150759361598
0.599294482874652
0.5159992278949381
0.3537867848075946
0.8040206049641885
0.23780364489498207
0.1131842017054221
0.38717148000237156
0.10968549599702082
0.3425251337687383
0.45709328002697447
0.1651091081828444
0.8952568484138794
0.7170826202731602
0.9389699705541887
0.5006871475951966
0.6120355764830774
0.680186187255424
0.03877639487861284
0.28176301960371086
0.7520392980514135
0.6589295335140541
0.7082134066255912
0.9297203580455944
0.7091127428704338
0.5296584158825224
0.2795467849193005
0.8043702692110102
0.4941239582408823
0.6517968786790722
0.8279361891381434
0.9337346842442484
0.4047892864311664
0.6217300500734357
0.482517773500178
0.9388893327515218
0.4232864849659339
0.6761071377760481
0.27228855813836317
0.2423676400872572
0.8133331159038288
0.052793719533408945
0.7821402522649257
0.38426366253552113
0.24295194431972722
0.9631861965627142
0.5681104259689576
0.4604028230430879
0.7687983121112494
0.5957025899398187
0.09743630383969948
0.8759764635407992
0.059265380312290894
0.315212727604959
0.9147567572840758
0.4813483089420125
0.5187577092108917
0.6954649877952208
0.01220015023434251
0.6543463423001512
0.2188975021362054
0.8328545436843997
0.8136091746751628
0.13481551306816075
0.5026074100625906
0.9228124837817262
0.5354562836607273
0.29089624169752826
0.10216220151795596
0.14241007397722139
0.49172734894376435
0.09703880323953751
0.3373274946810718
0.6816828624977989
0.6119985467746256
0.9246498726304206
0.020772667097878506
0.4057029686223388
0.9655473843675972
0.008344561625632796
0.7257832456256841
0.6619497563914787
0.014463545359319596
0.460045882985334
0.9838912748923636
0.829011962212681
0.71559461132334
0.4806853810322116
0.9557435250348327
0.0244850007923767
0.7092483971230874
0.5828640371030189
0.5305597898114907
0.4843339780913405
0.14301347673138953
0.5516009186443562
0.9630996577752224
0.3380598730766413
0.5148175031635189
0.9439472610103405
0.6151331635001802
0.13920375895432158
0.6869179407686663
0.27284245258804063
0.6714126865091263
0.7343470608900298
0.1466257823578485
0.6084033755252622
0.2668266082714488
0.8758557822867632
0.9419549483892964
0.4929938026657028
0.7042250734751518
0.012696813072470281
0.34847766978126504
0.5447633132112448
0.9527355662555614
0.732851765554613
0.2729574630858784
0.2582437898252914
0.30960627388551965
0.2734408421040728
0.021351823216172017
0.6106647070723938
0.526727319952663
0.45437858399652464
0.06642863241699781
0.5856336572651419
0.15741395146710668
0.6938188924645681
0.1365871523546478
0.47256700067439583
0.13739053807646107
0.8205631926505346
0.4740869998442747
0.8548428034292157
0.5145594296564935
0.7367064954895497
0.37384395156465877
0.7982889397309321
0.3763460425129661
0.8820766112283349
0.65677826639684
0.2999963138103352
0.5306579140901213
0.7065177553773265
0.009976102061436398
0.9152560762951789
0.6994731157500844
0.8991759729978122
0.7249763129870186
0.5260311193161857
0.9929512938080745
0.7032519550177054
0.7458759587105304
0.01854636295087153
0.3561765813143831
0.03598782512174581
0.3508539512390676
0.9011717475571415
0.7754608280203741
0.0751732434167609
0.638328474725663
0.7746517106801347
0.874754442018262
0.7730146694218507
0.28548479834846363
0.708508800674484
0.4039423350448985
0.06656582499306896
0.5903882424452465
0.14893139291770874
0.2952833939151396
0.9513844549155077
0.1621120270500911
0.7665641902336144
0.29635665564041114
0.7228401625277057
0.13064938893399614
0.503316660224352
0.22617320274286
0.9615334552591599
0.2499193438068108
0.8303427857334029
0.2545384835487223
0.28932088846335247
0.19517619083399684
0.7121533602841315
0.8484300848832853
0.36217285300052726
0.8067023544937431
0.9763090600459512
0.8400400229927381
0.2309508855126876
0.030053966416904387
0.6843775544703852
0.7847691163328179
0.7898631340914166
0.5502311922092433
0.195628086172984
0.11243414159076148
0.8953524896938161
0.7659781042623022
0.46012522198559225
0.5385337753282153
0.5332265939865988
0.804736552377769
0.5891506694284985
0.37411092787061917
0.3744975501697585
0.8540216927551436
0.49838676223783596
0.8668551634384867
0.7691194332375995
0.6032583228731845
0.9891529604293374
0.2703961378065196
0.8865151011814836
0.9015523284273053
0.5812522580593196
0.37947067735681705
0.4160308780839479
0.6519850241792857
0.08104889120182857
0.9194501981708811
0.782759083186807
0.47884062328492183
0.2167977618468402
0.6323753557157679
0.6047450919300343
0.5638008436645277
0.3125147712244949
0.733751639745406
0.19993720026516026
0.863796883302975
0.3163881296410709
0.7815090073812592
0.4266106108908012
0.5955636906242694
0.431977223185666
0.08302675948586846
0.34958035289407996
0.43155407183231076
0.8819355708737706
0.4089636594253989
0.6038253054792608
0.12954142399030544
0.7482793460329049
0.22327110815515572
0.5800085397548858
0.03274182547926463
0.6302865299240288
0.9490624202478923
0.21755297457248157
0.7438908582047512
0.8301735823125087
0.8384519207416399
0.8814915124863008
0.023160082645502067
0.7524996671501278
0.15173039004485145
0.9099964524375124
0.7434842867657623
0.5525155565675295
0.22550521272569823
0.3421533495133935
0.028905494088955708
0.9374873894618072
0.8780895108843643
0.392845241905315
0.6466334636253037
0.20092640823235097
0.7138910133871958
0.04616558168727747
0.07104993617952227
0.7351446148222591
0.8378726171445787
0.40635567664656014
0.29023462446643555
0.20486964239133298
0.5756962268982484
0.12692928063039477
0.5713231632599975
0.5701930443063359
0.33797737878857603
0.021932851722720637
0.3973900232574259
0.012212542801629978
0.5716252403111126
0.6277650882629353
0.03971712331187738
0.29133526684420263
0.07508908815905646
0.7492473194615983
0.4108799596210384
0.30433912725330736
0.0527029903394014
0.9799248540136216
0.4330459227364394
0.836429228032199
0.9931762509392343
0.1254797975998132
0.25466226871067654
0.08583093289828425
0.9624606095359967
0.021986251505871524
0.029796815800914755
0.06974998805192545
0.5414119179796277
0.6200225796087069
0.6215791151060168
0.12742527761248623
0.8906714032502208
0.7922230102903367
0.8511357771812249
0.48005941464388213
0.09109169151094632
0.7731494522810298
0.5807244620292382
0.823382954283044
0.11617100543725889
0.8474879307436176
0.7140008812634031
0.356796168630112
0.9956163918721883
0.623373085215293
0.6438780846419072
0.4311899515626503
0.2436912811167189
0.602022224190432
0.022550748343993954
0.6260703817646114
0.3504356579016301
0.02107697021169508
0.7709246807733516
0.558550807828182
0.8009294344979137
0.8951770832339365
0.8407531700624242
0.014516825246460696
0.6921620002800879
0.9459464678532952
0.9771209981585827
0.6886699566319827
0.6313274889811666
0.3511302799792373
0.14258329484845422
0.7480533647377028
0.35420211868185514
0.5950271972102765
0.9380279774842215
0.7751508464326144
0.292045701958743
0.666204895451477
0.9323976898306676
0.4703063887999672
0.4377630467339284
0.8631528213541153
0.7326440460194816
0.2474352526179595
0.39200846961476077
0.6597528335243279
0.3489983226290625
0.5828643774259581
0.5159235218863285
0.5794128535697898
0.6417544513313969
0.350939491310962
0.9263530376514029
0.19769479746208618
0.6727513034734938
0.9174193389294893
0.4538550626674953
0.4157065630912973
0.3218469063143512
0.44503920202117
0.7413217117241311
0.9633103609472096
0.009429542420319459
0.3493781530408939
0.5876703288063616
0.00647784611212221
0.25598778532985755
0.11739691597598134
0.0786272581387899
0.9309337347656572
0.3299715953155411
0.9501398751098478
0.08076377455663852
0.664385892060952
0.5856319601538933
0.5730643359763823
0.07348666510675805
0.2905796978671613
0.23494048561825487
0.13625417153544972
0.19563050650100866
0.6245221106356924
0.14350618073527732
0.24538386468119744
0.07252713191583093
0.8726358236234908
0.9512550194318234
0.34564703048390544
0.9994254342796745
0.0373686459297522
0.6749887506153309
0.9770553861125661
0.7838601347104992
0.9446130768519392
0.6865391407990618
0.34527517626660376
0.060856858143288894
0.42515236881607477
0.0650617350227809
0.17499585308794385
0.4968743711068455
0.2952308930693017
0.9775245726390269
0.431093113943523
0.14911753611954937
0.22840044638350854
0.5090077908703441
0.39957489602002494
0.2137691358802647
0.36221266550075026
0.7938993254432296
0.15785903099817267
0.9156084524153076
0.4311947023982705
0.6498489575746405
0.7154690691521515
0.48041823065475464
0.5488001747269509
0.8483605879387415
0.4829859740636806
0.5581180936148988
0.025847003405203184
0.6699414759325497
0.6312823104013394
0.7587230429649632
0.701324166969755
0.5560697444975078
0.46499644538590856
0.1904332800063635
0.533596303461517
0.14494551368013342
0.8690681224367045
0.7614564253137723
0.011187464669670799
0.8463932920411217
0.09925425539238453
0.31649840317504396
0.2417974791150579
0.4816208914805573
0.43387031605937887
0.9337775753004445
0.963528673275813
0.6513346896001557
0.32299905734933176
0.3693275336742623
0.007866377570974636
0.35427955744684003
0.5079550406488222
0.21426778242509803
0.45935875451767405
0.034178885882145016
0.9708701034647484
0.393054262117001
0.6551491079405858
0.4252152675625491
0.8258724792292318
0.49833331975189044
0.99936050458723
0.30495936499851806
0.4972221608577565
0.6014745209936967
0.8647914356509405
0.5310335827746206
0.6725454922696636
0.4067035727653694
0.193716331472237
0.5136352679858054
0.8337884182888156
0.7271392103329655
0.9490842276141822
0.9274553600141311
0.4312354742657507
0.34827790426636973
0.9135778526836724
0.7885896330471036
0.9147924395065818
0.6033010369255551
0.9439492610296489
0.4439013470995312
0.7022744442257398
0.7008374710093452
0.1521110625586939
0.1966628415320053